-0.2709589902482261 0.2396311319162075 0.9322865150908377
-0.0078084684771087 0.3054866493961206 0.9521643423594341
-0.2365764703716502 0.4923034989641337 0.8376567546281490
-0.4990087630660241 0.3176859945472294 0.8062666204499938
-0.6949734440968842 0.3734219526630109 0.6144655867251305
-0.6484350784382208 0.6253045387054437 0.4341960190112188
-0.8365242829617520 0.3999203573641304 0.3745541773643339
-0.6733295123930995 0.0849037702040264 0.7344513037265390
-0.5650831565947478 -0.2016116782485977 0.8000210980509823
-0.7925932903416809 -0.1488887981386436 0.5912934989446258
-0.6534895608107374 -0.4103875023335797 0.6360294740338656
-0.4324328378021783 0.0229495922188623 0.9013740383477565
0.0272014499633136 -0.2163215316885552 0.9759431725504363
0.1666278369227138 0.0640427696521706 0.9839378474363798
-0.1288543604622743 0.0154099822749993 0.9915437893689529
-0.2821339724139956 -0.2345548854590498 0.9302604083358544
-0.3172368610475574 0.6076593035057682 -0.7280871821805253
-0.1811274877802480 0.4311158723220929 -0.8839298262884769
-0.4793805029142642 0.3963043523485850 -0.7830307744496610
-0.5373396493231536 0.6225151870087453 -0.5689823751301416
-0.2101668999869850 0.9304239594891578 -0.3002351241250408
0.0945179061736652 0.9668083703618721 -0.2373772112288103
0.0157828985809211 0.8622857679402627 -0.5061760114032033
-0.2749073566287491 0.7971326914257327 -0.5375922409519704
-0.4942326994900796 0.8027577253785891 -0.3336376374148189
-0.0272014499633146 0.2163215316885562 -0.9759431725504361
-0.1666278369227141 -0.0640427696521699 -0.9839378474363798
-0.3338681986440499 0.1768653540464615 -0.9258783248743848
0.1148936106926608 0.4754630091577127 -0.8722008857738544
-0.0403204256779661 0.9752724829933599 0.2172966801152611
-0.1150289137814583 0.8799897860199818 0.4608539090587868
0.1832241013525393 0.9148013059934307 0.3599548572199966
0.1746073224975503 0.9833268736615708 0.0507990400027193
-0.1289711548423947 0.9908664836053926 -0.0393707110185132
-0.1829654500236230 0.7141024278006634 0.6757080484253917
-0.4007629150528755 0.7901009311000928 0.4638206599463719
-0.4663398430108734 0.5809377325153455 0.6671120608717270
0.3989291271917490 0.7820200469673066 0.4788530020990583
0.1183592759245846 0.7772081237197265 0.6180118236948791
0.3342605484427001 0.6008985209102157 0.7260790957758668
0.5833994824880545 0.5880095197327828 0.5602587335653879
0.6403609299366745 0.7101097244390030 0.2927149785504676
0.9114004537602619 -0.3956722398620331 -0.1131047810136701
0.7670392697223333 -0.6215487269055214 -0.1591475377941966
0.8365242829617509 -0.3999203573641326 -0.3745541773643341
0.9628956371528370 -0.1521948201602476 -0.2228648215138992
0.9415252038037160 0.1098930162466544 -0.3185181558131083
0.9980861756632232 0.0601158751884651 -0.0144937055402116
0.8554247478204436 -0.1292705763941212 -0.5015352618660646
0.9583366244243797 -0.0238010428351996 0.2846478959114967
0.8792661175714331 -0.3188708230360924 0.3538537730576625
0.9715124160078630 -0.2207203878283152 0.0862909957033950
0.7221748940602900 -0.5897434843513772 0.3614775858253259
0.7103289617788213 -0.3791446130091631 0.5930279322969144
0.5373396493231537 -0.6225151870087434 0.5689823751301436
0.4942326994900808 -0.8027577253785894 0.3336376374148167
0.6631698552826888 -0.7424839354055449 0.0944634781756008
0.8504665240227244 -0.5107970549494452 0.1256704427129873
-0.6904178976386726 -0.5826334060669929 0.4287906724206696
-0.7884776938568264 -0.5895874718693089 0.1751843009660903
-0.5597096919622813 -0.7764043214372733 0.2896918886973114
-0.4762824376618983 -0.6656526494812736 0.5745098692045252
-0.9415252038037165 -0.1098930162466524 0.3185181558131075
-0.9352547181844501 -0.3382752497212013 0.1042519426187532
-0.8464368402656756 -0.3633766372090996 0.3892327002856589
-0.8554247478204442 0.1292705763941207 0.5015352618660639
-0.9628956371528368 0.1521948201602495 0.2228648215138987
-0.8284463369222096 -0.5512325880762966 -0.0990923845857020
-0.9433868586254114 -0.2736038046893460 -0.1875158474166707
-0.8035507055276196 -0.4697182378329827 -0.3656105040793304
0.6904178976386725 0.5826334060669952 -0.4287906724206667
0.8464368402656756 0.3633766372090991 -0.3892327002856594
0.4762824376618989 0.6656526494812719 -0.5745098692045268
0.5597096919622825 0.7764043214372733 -0.2896918886973089
0.5650831565947467 0.2016116782485989 -0.8000210980509830
0.2821339724139945 0.2345548854590508 -0.9302604083358545
0.4013977503625593 0.4683474538017046 -0.7871026035539055
0.6534895608107365 0.4103875023335815 -0.6360294740338653
0.7925932903416814 0.1488887981386442 -0.5912934989446249
0.6733295123930999 -0.0849037702040262 -0.7344513037265386
0.2193503097434858 0.6996365005981474 -0.6799957416382953
-0.0547561335891821 0.6788414095259283 -0.7322404704379666
0.3821177065711390 0.9157141060492708 -0.1243130496255219
0.3022870382508364 0.8551702125842692 -0.4210777291832390
0.4244596574185608 0.8864193272484917 0.1846477064695072
0.6322287894957317 0.7747811694708892 0.0009471885150518
0.0403204256779673 -0.9752724829933598 -0.2172966801152617
-0.1746073224975487 -0.9833268736615711 -0.0507990400027185
-0.1832241013525377 -0.9148013059934309 -0.3599548572199969
0.1150289137814600 -0.8799897860199818 -0.4608539090587864
0.5594074972326206 -0.8058210898026164 -0.1942051061874002
0.3079761932364108 -0.9270006511444693 -0.2140571353105028
0.4007629150528763 -0.7901009311000931 -0.4638206599463708
0.2101668999869858 -0.9304239594891581 0.3002351241250392
0.1289711548423987 -0.9908664836053921 0.0393707110185138
0.4154976918973353 -0.9072803278002312 0.0648388372404382
0.2749073566287497 -0.7971326914257312 0.5375922409519722
-0.0157828985809200 -0.8622857679402626 0.5061760114032033
-0.3821177065711397 -0.9157141060492703 0.1243130496255238
-0.6322287894957317 -0.7747811694708892 -0.0009471885150508
-0.0945179061736624 -0.9668083703618718 0.2373772112288129
-0.3989291271917481 -0.7820200469673070 -0.4788530020990587
-0.4244596574185627 -0.8864193272484908 -0.1846477064695068
-0.6403609299366756 -0.7101097244390027 -0.2927149785504659
-0.3342605484427003 -0.6008985209102178 -0.7260790957758650
-0.1183592759245860 -0.7772081237197266 -0.6180118236948788
0.2709589902482258 -0.2396311319162068 -0.9322865150908380
0.1288543604622727 -0.0154099822749977 -0.9915437893689532
0.4324328378021787 -0.0229495922188617 -0.9013740383477564
0.4990087630660268 -0.3176859945472260 -0.8062666204499936
0.6949734440968860 -0.3734219526630102 -0.6144655867251290
0.6484350784382217 -0.6253045387054424 -0.4341960190112193
0.1829654500236233 -0.7141024278006644 -0.6757080484253906
-0.0527823479665832 -0.5680449251349536 -0.8213032246202127
0.2365764703716484 -0.4923034989641316 -0.8376567546281508
0.4663398430108730 -0.5809377325153455 -0.6671120608717274
-0.2633631803274419 -0.3496209098276128 -0.8991134826367179
0.0078084684771081 -0.3054866493961208 -0.9521643423594341
-0.5139144692486102 -0.3663811501913365 -0.7756653731354731
-0.9114004537602621 0.3956722398620325 0.1131047810136704
-0.7670392697223329 0.6215487269055223 0.1591475377941946
-0.8504665240227236 0.5107970549494463 -0.1256704427129885
-0.5594074972326203 0.8058210898026167 0.1942051061873992
-0.3079761932364094 0.9270006511444696 0.2140571353105035
-0.4154976918973360 0.9072803278002307 -0.0648388372404406
-0.7221748940602879 0.5897434843513797 -0.3614775858253260
-0.6631698552826883 0.7424839354055449 -0.0944634781756035
-0.7103289617788224 0.3791446130091605 -0.5930279322969148
0.7190191947196447 0.3551794872071610 0.5973767065194053
0.5139144692486106 0.3663811501913330 0.7756653731354745
0.6911215923974635 0.1111160030437165 0.7141457683061513
0.8701266307914913 0.1749818355046917 0.4607179219770562
0.8035507055276194 0.4697182378329821 0.3656105040793322
0.2633631803274443 0.3496209098276125 0.8991134826367173
0.0527823479665837 0.5680449251349530 0.8213032246202130
0.4481060373988427 0.0968963654274566 0.8887137185920198
0.8284463369222088 0.5512325880762979 0.0990923845857014
0.9433868586254108 0.2736038046893478 0.1875158474166716
0.9352547181844499 0.3382752497212024 -0.1042519426187507
0.7884776938568244 0.5895874718693102 -0.1751843009660949
-0.7190191947196453 -0.3551794872071622 -0.5973767065194039
-0.5833994824880565 -0.5880095197327826 -0.5602587335653859
-0.8701266307914926 -0.1749818355046940 -0.4607179219770529
-0.9583366244243811 0.0238010428351978 -0.2846478959114928
-0.9980861756632233 -0.0601158751884640 0.0144937055402112
-0.9715124160078626 0.2207203878283161 -0.0862909957033958
-0.8792661175714326 0.3188708230360959 -0.3538537730576606
-0.8245668005336021 0.1053828935352334 -0.5558633260145163
-0.6090960271787238 0.1484039125218208 -0.7790881262240562
-0.4481060373988445 -0.0968963654274589 -0.8887137185920186
-0.6911215923974642 -0.1111160030437190 -0.7141457683061504
0.3172368610475580 -0.6076593035057672 0.7280871821805257
0.1811274877802440 -0.4311158723220950 0.8839298262884767
-0.2193503097434857 -0.6996365005981443 0.6799957416382986
0.0547561335891840 -0.6788414095259310 0.7322404704379640
-0.1148936106926628 -0.4754630091577123 0.8722008857738542
-0.4013977503625622 -0.4683474538017013 0.7871026035539062
-0.3022870382508360 -0.8551702125842686 0.4210777291832404
0.6090960271787235 -0.1484039125218212 0.7790881262240565
0.8245668005336024 -0.1053828935352345 0.5558633260145156
0.3338681986440479 -0.1768653540464635 0.9258783248743853
0.4793805029142634 -0.3963043523485872 0.7830307744496603
