9 8 32
32 2 9
10 8 9
9 35 10
16 38 17
17 15 16
3 2 16
16 15 3
14 13 42
35 4 42
1 4 35
1 35 9
9 2 1
3 4 1
1 2 3
25 15 17
25 22 24
31 2 32
16 2 31
31 38 16
42 4 40
40 14 42
24 14 40
10 35 34
34 35 42
42 13 34
24 22 23
23 14 24
31 32 33
33 38 31
26 22 25
25 17 26
30 7 27
41 24 40
41 15 25
25 24 41
40 4 41
41 4 3
3 15 41
34 13 36
36 13 12
12 18 36
36 10 34
20 7 5
11 14 23
23 28 11
11 28 12
11 13 14
12 13 11
37 30 26
17 38 37
26 17 37
27 7 19
19 7 20
20 18 19
19 18 12
12 28 19
19 28 27
26 30 29
29 30 27
29 22 26
27 28 29
23 22 29
29 28 23
21 18 20
21 8 10
21 10 36
36 18 21
39 7 30
39 30 37
5 7 39
33 5 39
39 38 33
37 38 39
6 8 21
21 20 6
20 5 6
6 5 33
32 8 6
33 32 6
