-0.2709589903 0.2396311319 0.9322865151
-0.6949734441 0.3734219527 0.6144655867
-0.5650831566 -0.2016116782 0.8000210980
0.0272014500 -0.2163215317 0.9759431726
-0.3172368610 0.6076593035 -0.7280871822
-0.2101669000 0.9304239595 -0.3002351241
-0.0272014500 0.2163215317 -0.9759431726
-0.0403204257 0.9752724830 0.2172966801
-0.1829654500 0.7141024278 0.6757080484
0.3989291272 0.7820200470 0.4788530021
0.9114004538 -0.3956722399 -0.1131047810
0.9415252038 0.1098930162 -0.3185181558
0.9583366244 -0.0238010428 0.2846478959
0.7221748941 -0.5897434844 0.3614775858
-0.6904178976 -0.5826334061 0.4287906724
-0.9415252038 -0.1098930162 0.3185181558
-0.8284463369 -0.5512325881 -0.0990923846
0.6904178976 0.5826334061 -0.4287906724
0.5650831566 0.2016116782 -0.8000210980
0.2193503097 0.6996365006 -0.6799957416
0.3821177066 0.9157141060 -0.1243130496
0.0403204257 -0.9752724830 -0.2172966801
0.5594074972 -0.8058210898 -0.1942051062
0.2101669000 -0.9304239595 0.3002351241
-0.3821177066 -0.9157141060 0.1243130496
-0.3989291272 -0.7820200470 -0.4788530021
0.2709589903 -0.2396311319 -0.9322865151
0.6949734441 -0.3734219527 -0.6144655867
0.1829654500 -0.7141024278 -0.6757080484
-0.2633631803 -0.3496209098 -0.8991134826
-0.9114004538 0.3956722399 0.1131047810
-0.5594074972 0.8058210898 0.1942051062
-0.7221748941 0.5897434844 -0.3614775858
0.7190191947 0.3551794872 0.5973767065
0.2633631803 0.3496209098 0.8991134826
0.8284463369 0.5512325881 0.0990923846
-0.7190191947 -0.3551794872 -0.5973767065
-0.9583366244 0.0238010428 -0.2846478959
-0.6090960272 0.1484039125 -0.7790881262
0.3172368610 -0.6076593035 0.7280871822
-0.2193503097 -0.6996365006 0.6799957416
0.6090960272 -0.1484039125 0.7790881262
