0.4712685773562091 -0.0472814358056580 0.8807215188836992
0.8752086437952358 0.4793322656269734 0.0651951605183765
0.8205123414071323 -0.5703569917666546 0.0381103600281847
0.0116563463418807 0.8373790894638105 0.5464982983676324
0.5767446269353382 -0.0089749387652949 -0.8168751959604214
-0.0768441299808517 -0.8610538066247301 0.5026741705961707
-0.4712685773562051 0.0472814358057257 -0.8807215188836978
-0.8752086437952400 -0.4793322656269814 -0.0651951605182583
-0.8205123414071479 0.5703569917666268 -0.0381103600282635
0.0768441299809929 0.8610538066247089 -0.5026741705961851
-0.0116563463420434 -0.8373790894637735 -0.5464982983676858
-0.5767446269353009 0.0089749387652465 0.8168751959604481
