0.2802371918363232 0.8363620831133954 -0.4711322343481855
0.7207844406954383 0.5229230942906314 -0.4549958543864717
0.2273988941500191 0.4039557952815210 0.8860640261278088
0.1186002438960671 0.8583453246818820 0.4991766077697833
0.7071067811865476 0.0000000000000000 -0.7071067811865475
0.0956819722410299 -0.7088028121817678 -0.6988873540358879
-0.9632324898198956 -0.0520220816590724 0.2635846611152125
-0.7349429485785339 -0.1332779094874700 -0.6649028960512506
0.9612616959383189 0.0000000000000000 -0.2756373558169992
-0.2042780851530725 0.0705407008133346 0.9763680010400575
0.4450008892233358 -0.8469215969185735 -0.2910292378152645
0.2346490241147511 -0.1711413452574419 -0.9568962720302907
0.2646577942017711 -0.2120593886415608 0.9407375126235907
-0.4997146852451717 -0.6851649971045778 -0.5299378832401048
-0.9037799481768279 -0.3927389789388736 -0.1701114331711459
-0.2309493275731596 -0.8850014357580843 0.4042707840045269
-0.7311330199589213 -0.5235562021936844 0.4374167466733223
-0.6852572731927581 0.0177323709456983 0.7280851822122669
0.6794112637656884 -0.4858158634442298 0.5498938820302037
-0.2593112504309287 0.2017996734128426 -0.9444758161067006
-0.0807801169657235 -0.9802679907512339 -0.1804140765337969
-0.3578543116206669 0.5468449856533596 0.7569021424994617
-0.4121972649604769 0.8554283840709452 0.3135852268281686
-0.9530799359757419 0.2191046103287124 -0.2088822763500502
0.3717617919752670 -0.8980936119397052 0.2349915620196444
0.9612616959383189 0.0000000000000000 0.2756373558169992
0.8896986948160729 0.4529844414045001 0.0569326645084294
-0.8120835860560008 0.4754583374296539 0.3383188121093109
0.6556138536559543 -0.4646607250848547 -0.5951981900661376
0.2701215787844076 0.4283260333755041 -0.8623057124986623
-0.2777205971600931 -0.3483370652628913 -0.8952835075422073
0.1819447975236372 -0.6909851400712593 0.6995967601803090
0.5013556172092053 0.8643332206526162 0.0396311590677435
-0.2219978302418081 0.7352522749934332 -0.6404069452191399
-0.0769157022009120 0.9931977876810042 -0.0874192730494799
-0.3103444082843070 -0.4577313952370373 0.8331676410309143
0.6393994078968099 0.5643794673145629 0.5221534391871215
-0.6610977708617788 0.4143817966619918 -0.6254897792584356
0.8394319498080931 -0.5432707281121341 -0.0145230030604753
-0.5807477078624602 -0.8140444860155792 -0.0079796365913608
0.7193398003386512 0.0000000000000000 0.6946583704589973
-0.6357519985923519 0.7497471002231675 -0.1835720076503546
-0.6818552979153313 -0.6985567910151969 0.2170063649558359
0.4984869572791277 0.2432623071164262 -0.8320662253444678
0.8008032226817824 0.5141044040413877 0.3072635030193486
-0.0244272046770786 -0.2708588241041734 -0.9623091026674166
0.6901956594854013 -0.2146714719960739 -0.6910471118082695
-0.9238650311417672 0.3778121776706848 0.0610848805937802
0.4768544695514002 0.2346251612015017 0.8470896343363092
0.8480480961564260 0.0000000000000000 -0.5299192642332049
0.8622079176396472 -0.2885149935334840 0.4163611476421365
-0.9248367148181702 0.2169017542769940 0.3124590851869999
-0.5593714068659799 0.3040096330062353 0.7711561270068394
0.9430650457617237 -0.3036184444621842 0.1358092767258614
-0.5252792317002126 0.0364511430489396 -0.8501488357428127
0.9524403632070217 0.2295928426612946 0.2003608772509808
-0.7691469463766946 -0.6327358990899219 -0.0897677942375451
0.2533021393712994 0.1390094842848912 -0.9573475802804180
-0.9721213802220079 -0.2281264712350512 0.0542064132469738
0.0329680905801099 0.8161124530757030 -0.5769519641514882
-0.2972550943020831 -0.7016423272292039 0.6475627024094627
-0.7689592112544534 0.6350061993246873 0.0739517291626387
0.3216263830897128 0.9048657926171759 0.2788805605486320
-0.0622700950603112 0.5138217578466731 0.8556340552038206
0.0331647688596981 0.9760170273118909 0.2151531094447449
-0.2685225601803293 -0.1956260467212063 0.9431999175776224
-0.2908404190524485 0.3187770269416858 0.9021047931031161
0.4573167466168126 -0.3486729333653912 -0.8181005921047774
-0.6194043903341427 0.5261769205168149 0.5826457324568939
0.8839011399441891 0.2695518013662580 -0.3821787555393005
0.7296658189095825 0.6816511896377196 0.0542166799102450
0.2827111899868330 -0.8114071060947762 -0.5115592744102381
0.0188885725601081 0.6032194356681729 -0.7973515750651106
0.6648317143111719 -0.7294516027968692 -0.1609321311085726
0.0055196670316179 0.3309529139510569 -0.9436311260355735
0.6678841203650678 0.3348089188644023 0.6647057917703364
-0.2418198859674457 0.4897282287893546 -0.8376690305111757
0.4270550915557029 -0.9036656019078648 -0.0318186848384158
0.8370255850180751 0.5086452265677160 -0.2016635899586887
1.0000000000000000 0.0000000000000000 0.0000000000000000
-0.2957441018261815 -0.8746360055606703 -0.3841188410009332
0.0235758774115789 -0.0718342656271142 0.9971379123702434
-0.8847517538282436 -0.2943417378638850 0.3613547778141524
-0.8568203575438694 -0.2746724467857318 -0.4363644369963426
0.3937639255963892 0.7475850541472404 0.5348519025997652
0.0696176112712014 -0.9439224404192040 0.3227441938655846
0.4943895802048596 -0.3634823639614929 0.7895945251037571
0.4754827828167772 -0.0594698749422920 -0.8777126279250866
-0.1728467696853573 0.9088829833491372 -0.3795467254340487
0.1437827544714338 -0.9887879097401553 0.0403111531502378
0.6413694994395547 -0.7569651264095234 0.1250958136328683
0.5636768663246740 -0.7221514790606058 0.4009558974014162
-0.2099822684431164 -0.7426429933217235 -0.6359157423823015
-0.8636987846167734 -0.4837687440946498 0.1413938177170194
0.7100530793849674 -0.2210709788703754 0.6685448726579384
0.5154918153762688 0.7102255955099197 -0.4794244380115167
0.6467381842069334 0.7307707344388640 -0.2184121214044728
-0.4229054895358569 -0.8829211780098347 0.2039635760182759
-0.1587256586122822 0.8928172867835033 0.4215251566853881
-0.6344422289923443 0.6951804974912588 0.3379454600657209
-0.9957672674921293 0.0864928209741608 0.0310892410841733
-0.0979348223714045 -0.5478670730827252 -0.8308131202616201
-0.8580018521786515 -0.0170527781465759 0.5133634428117054
-0.7771617471682097 0.2693885210449481 0.5687261585927545
-0.4598707991150333 0.0468573761224839 0.8867486872977127
0.8571673007021123 0.0000000000000000 0.5150380749100542
-0.2809625589565349 -0.0827501241240939 -0.9561445797692119
-0.0091396160037120 0.0277295920729610 -0.9995736776960326
-0.5442117639580510 -0.5123051782630753 0.6643620701804892
-0.7247173093052209 0.1526204810547640 -0.6719314030137400
-0.3991571269120755 0.7308641744866106 0.5536344881664280
-0.0234906307475936 -0.8178380118297379 0.5749688484374277
0.5229269549779807 0.4986992613822084 -0.6912643824574622
0.0071767749721455 0.2467412172701043 0.9690548310601761
-0.3708482579412303 0.9153403595210682 -0.1569190740916997
0.2835383369579316 0.6644030035960192 -0.6915017427944188
-0.5443366702953663 0.8358285779909178 0.0713314628017255
-0.9728455848695824 -0.0950820894298700 -0.2110233737513698
0.8550047434991218 -0.2665147109921118 -0.4449008849381983
-0.3477264761210392 -0.9325497983719894 -0.0971451046672268
0.2212374033175676 0.9751878643819220 -0.0079145774066616
0.5867193758935672 0.7508200626962319 0.3033638201959647
0.9657348025522910 0.2354098343950152 -0.1092634477279521
0.8441052247209757 0.2705418720803814 0.4629184215928262
0.9426145319803539 -0.2934864915259552 -0.1591964930243244
0.5023378450401278 -0.0727527813501755 0.8616053169788671
0.1927221714722882 -0.9495029974741328 -0.2475928561381425
-0.2540278205758103 0.9595408568745849 0.1214545608937411
0.4028372870284201 0.8862843333357175 -0.2285217728428632
0.1070487186327018 0.9503774491008611 -0.2921014825016076
-0.1479028405358409 -0.9815119666278449 0.1214866623451719
-0.8894396865762239 0.0332595498496490 -0.4558408124411277
-0.1179965768225815 0.7345231944920146 0.6682458264825891
-0.4026560000672719 -0.5358278288571452 -0.7421298292294032
0.2289805906611927 -0.4753549459141789 0.8494736985306722
-0.6581621071032802 -0.4280297381199685 -0.6193651459828214
0.1711549356570478 0.6632615933426371 0.7285533932367745
0.2611760253367902 0.0949320276201171 0.9606117810651760
-0.4609264121787777 0.5968000782230078 -0.6567925922153897
0.2871556939073387 -0.8245604995485224 0.4874849639126174
-0.4846983459929132 0.3220286585042951 -0.8132435407020816
0.7942803564699904 -0.5178583054733350 -0.3177129062191074
-0.8382338560524478 0.5105182067607942 -0.1916641936648243
-0.6753139266440416 0.6034130284314901 -0.4240799660438392
0.7920346207847436 -0.5440589958227153 0.2769132870462268
-0.4418121101740430 0.7904858122175934 -0.4241865627129775
-0.5292514725196742 -0.2407014203427899 0.8136066033905576
-0.5612456854590270 -0.7798819295002102 -0.2771054972256164
-0.7373171291878952 -0.2736824227121518 0.6176256005902993
0.4443203867515328 -0.6140036568769280 0.6523640879591149
0.3927338357143811 -0.6061459552931600 -0.6916264997575008
-0.5214387679291594 -0.2520692856875374 -0.8152071433160377
-0.0627138642893219 -0.6022547867265788 0.7958367565592981
-0.7416075208428596 -0.5563243722822503 -0.3748619450331918
0.5718425326324281 -0.6811837734146873 -0.4571485368116784
-0.0234598346493872 -0.3525798974892388 0.9354876012244637
-0.8374179124668695 0.3309565029447565 -0.4349701518934465
0.7248389360532527 0.2917009959050159 -0.6241146094822734
0.1875180943928926 -0.4647686020326585 -0.8653479709572715
-0.0064859941947756 -0.8849774315096715 -0.4655887429887562
0.4392954005079162 0.5210343509662989 0.7318078683682741
-0.5058926768284675 -0.7344133725326922 0.4524484476451265
-0.4334494322761145 -0.8368242775851407 -0.3344349235705230
-0.2535121208772187 -0.5488110861406396 -0.7965789328732376
0.3139802152698742 -0.9388183634272047 -0.1415503617478541
0.6261116836267911 -0.7141858840888513 -0.3129260017867656
0.9372240620004714 0.3477244969101717 -0.0264335365758087
0.2580466533111859 0.9295105591450715 -0.2634806352518399
0.4596408761474495 0.8378097102726740 0.2946271446204900
0.8588430689139310 0.1365760089668475 0.4936958342473515
-0.9348189376364725 0.3007244663861459 0.1888871333706583
0.8333377336927913 -0.3963217953786979 -0.3853274660747246
0.9090986251865508 -0.2832058658117134 -0.3055063456849319
-0.2556972803683344 -0.8177027458363402 -0.5157335748852766
-0.8789065185675794 0.4320087647719624 0.2022171080290201
-0.3673085018349432 0.4104029231606345 -0.8346579569745776
-0.9068819163080222 0.3693834890842935 -0.2027832041008406
0.8313798410741540 0.3965807929137694 0.3892701305615426
0.9124379948583217 -0.2992816365206977 0.2790831553147172
-0.5235951527858890 0.7223979713594194 0.4516517319295001
0.7786169427583666 -0.1086608312954145 -0.6180198056630581
-0.7660633071958709 0.4731745540371767 -0.4350320112127884
-0.8069210398109108 -0.1470554499298945 0.5720604252667675
-0.4566504281103415 0.7017587929337770 -0.5468134810397145
0.5600275564448070 0.4328980134360760 0.7063769857417196
0.5977779217978784 -0.0300609605688040 -0.8010979308802954
0.9736675261839607 0.1189472379811318 -0.1944816264624144
-0.7305904364670673 0.5912494118340950 0.3415578240191500
-0.3821967746283281 0.6450844664448818 0.6616582627121231
0.9855492204807312 -0.1488948930337535 -0.0807653690531415
0.7269261563362512 0.5443526616532168 0.4186389171891005
-0.3098711366595325 -0.6466478299141633 -0.6970125269553145
-0.8900365117653124 -0.3373965887283433 -0.3065918290481859
-0.8561319710537849 0.5122245840413652 0.0682936574156907
-0.5289747634262523 -0.1089658876918578 -0.8416128177360810
0.6084475445483911 -0.2952984463575273 0.7366073669953784
0.6086169612180629 0.1193759711362615 0.7844327708815877
0.3673736162513398 -0.8371802941908557 -0.4051737665507550
0.4162630106845501 0.8948580983500607 0.1611027304335565
-0.2126894195225474 0.5369661709589668 0.8163519719268321
-0.1819713686749898 -0.6591455645686007 0.7296667360460470
-0.1691113849470152 -0.4105186433426090 0.8960333603998494
-0.7791809776464099 0.0003431217563636 0.6267989201820989
-0.6758800882273786 0.2899654182013775 0.6775737322129978
0.0318994386911651 -0.9969706105003763 -0.0709367860118835
-0.0994980749598765 0.1601660589668381 0.9820626083067771
-0.6446868965310762 -0.5236280157527508 0.5569492854470381
-0.2409754579003322 0.6488971470865981 0.7217086123863281
0.7340936772616912 -0.4974576786946416 -0.4622145940060164
0.0451424400127675 -0.8066185339328318 -0.5893459941543192
0.9532795095462279 -0.3018582304465416 -0.0118230872019869
0.6194029551969953 -0.5782197041745539 -0.5310385605561242
-0.0435430714481977 -0.4824724409891907 0.8748281800529685
0.1528459140747620 0.6406536731132308 -0.7524632865975428
-0.6347537676802276 -0.1946865198597836 -0.7477866095355291
-0.4299417120161899 0.3149355897391901 0.8461475631260874
-0.1475628050609888 -0.2770537138925068 0.9494558747940325
-0.6642295319947602 0.7439084440172292 0.0734803085587334
0.3727102873631924 0.1664285627749294 0.9129011858828522
-0.9964892228531745 -0.0717197115000762 0.0431915700087643
0.3562665007773571 0.3230442544619766 0.8767648430924698
0.9640702102743851 -0.1486134337143504 -0.2201878220545660
0.3688029801667793 0.0402511688616984 -0.9286356687234070
0.4399350274668213 -0.8831366843109972 -0.1628704037937687
0.7499717336971116 0.6264655845677387 -0.2123282129335387
0.5227647921223255 0.6638339148321706 0.5348284824463786
-0.0816982953285726 -0.9261660781550632 0.3681599981193973
0.3326474083840832 -0.8696634070367316 0.3647345063969368
-0.2164415190609458 -0.9661769378675632 -0.1401969812779473
0.7929911859316848 -0.1118587659635697 0.5988761103197953
0.9880385526908910 0.1161861761547694 0.1013932486264349
-0.5283407597900439 0.7827431310925613 0.3288909124191366
-0.1917453168626543 -0.9446830027534914 0.2660972712559963
0.3504067790554900 -0.2632304295727088 -0.8988463885108090
0.4959042926739552 0.7578563841710761 0.4239488571498763
-0.8451906912430077 -0.5180870866714178 -0.1312953390661286
0.6928856641998623 0.6352117803422225 -0.3411970844845831
0.1393284705070610 0.3837929773754875 -0.9128474833308253
0.1661152779452044 0.9743507137937809 -0.1518104112461899
0.7814851769337646 -0.2433599348177050 -0.5745057531115985
0.2660838896837600 -0.0592691125046480 0.9621260499298790
-0.4603517137670096 -0.8672662529781223 -0.1895403547455390
0.3155899722305318 0.9413327735818405 -0.1195641200705770
0.1911320206985845 -0.7678806663827991 -0.6114146161641740
-0.0011379761370426 -0.6347782847557966 -0.7726934930571115
-0.3731427597636245 -0.8200847768693885 0.4338495586987166
0.7940310031849025 0.6032663835887352 -0.0747290867932061
-0.4788689452596988 0.4652993105654467 -0.7444333985342031
-0.1117171127344962 0.9790453254704754 0.1702631416269500
-0.8163453588388598 -0.4132022271643762 0.4035395576255847
0.7826081568524139 0.0000000000000000 -0.6225146366376195
-0.8220440862058328 -0.0506158458437631 -0.5671697774772010
0.0942001834575284 -0.9278991626960643 -0.3607346244880173
0.1455979028908042 -0.1434055933651425 0.9788953398935922
0.2073153490722587 -0.5884284812168387 0.7815192054785935
0.3219367997509242 -0.9068751321016926 -0.2719084252862918
0.0730383889594594 0.9961614626575335 -0.0482465962966329
0.8895438531806502 0.3773299499033229 0.2575535714651959
-0.6260248223584697 -0.6366239453195393 0.4503364009680217
-0.6317492287775475 0.0955569465937537 -0.7692605422720267
0.4568083905408092 0.8844316113762994 -0.0954296554003940
0.0550863492635884 0.5955027737618118 0.8014623762640379
0.9902680687415703 0.0000000000000000 -0.1391731009600654
-0.9726861122194416 0.1536535863653312 0.1739893746540274
0.5906454776440587 -0.1389065293895365 -0.7948854608253793
-0.1786315536420700 0.4211950891945127 0.8892049622454020
0.1439242506974406 0.0116744719018381 0.9895198415226414
0.5162654705398528 0.3750185245048966 -0.7699552390927895
-0.5963980118092080 -0.3438533441415304 -0.7253097884578078
0.8713214852894913 0.4852474714008602 -0.0730326007477900
0.9016774271831814 -0.4233812668135511 -0.0878983516322758
-0.6746887756672612 0.5138347304983873 -0.5298763305925845
-0.7653546880223020 0.5632808575557539 -0.3113629345852509
0.1803982504673953 -0.8942127219747023 0.4096829006523175
0.9076646327580864 0.2526819220374648 0.3351070884293272
-0.7430977209933024 -0.4034363751466580 0.5338959339263459
-0.3074380210717635 -0.5866291223089772 0.7492316971795019
0.1954854321615588 0.9018700143055700 -0.3852478722966288
-0.1264989093804862 0.9633598725691292 -0.2365074667936274
0.6170603906446929 -0.0367468946086087 0.7860573388971334
-0.4697546432645746 -0.8179930175826393 0.3319909611983737
-0.7638139237460881 -0.6011703497517296 -0.2349095580664783
-0.6486293118445818 -0.3978174814985427 0.6488615162191244
0.1184801411369092 0.3286558839328372 0.9369886691484074
0.1580464687542854 0.8338549182060657 -0.5288736040849988
0.4733945045962393 -0.8199523457503330 0.3218319339602698
0.4296945303279243 -0.4826541648677029 -0.7631563193357734
-0.0018319262768591 0.1815163453685217 -0.9833862213851543
0.3411337435517119 -0.5519329255519495 0.7609190592317038
-0.5649201979588740 0.7048816185835208 -0.4289604570600680
-0.4094466098347813 0.8005159235146612 0.4376388121433856
0.1602471317149072 0.7495846363584956 -0.6422178210797695
-0.4948034908334117 0.5432901071657845 0.6782369533687029
-0.5366143170662812 -0.4875668755618589 -0.6887115626837809
-0.0954205646945060 0.7831153905434413 -0.6145121649954337
0.4046502442106954 0.6961486956434294 -0.5929883417186010
-0.0619558787078889 -0.4145475815059889 -0.9079161700074897
0.9128352873205107 0.3767554024589882 -0.1574392103017749
-0.6302145204726518 0.1629132334688838 0.7591369682383663
-0.8161134740970885 0.0939804481061869 -0.5701986257182150
0.2474691442437633 0.2526927553644835 0.9353637763103534
0.5502439757965712 0.8167896236788273 0.1734539643541822
0.8121588177187100 0.4010850985972669 -0.4237083884996473
0.5874476839754176 0.7283497732368500 -0.3527206067381758
0.6308711548770205 0.3996268264055341 -0.6650563777313737
0.0262387944394840 0.7181634030222047 -0.6953796461113374
-0.8200888481444841 -0.2871827975017043 0.4949548686174815
-0.7910844323544320 0.2448893146733885 -0.5605485210445784
-0.9477254856624701 -0.3136678893443530 -0.0585564601055604
-0.6813702478635361 -0.7302741043589531 -0.0493388065229835
-0.1284573282559612 -0.8597006827451090 0.4943818877193354
-0.9833666606453026 -0.1634128130181744 -0.0792859588627987
-0.8838300811619463 -0.1221856853513880 -0.4515695360943639
-0.6622578043162638 0.6835208195419820 -0.3069428120592804
-0.4066434719115142 -0.1696808351471749 -0.8976912057804214
0.3368347041199245 0.4673338060963736 0.8173992266817481
-0.0634691204842999 0.9446673281802984 0.3218311821648824
-0.4027325284580827 -0.7897110597113557 -0.4627774332131239
0.3655719975319807 0.9306447453201724 0.0160459536465981
-0.5096011576744828 0.8429667006414255 -0.1723769175572419
0.8599858484426183 -0.1345811912103368 -0.4922522152828131
-0.1546645742019228 -0.1790851689362095 -0.9716004177407641
-0.1622852677742677 -0.7687998761751981 0.6185549630036400
0.4329152635448899 -0.7561436535400030 -0.4907455041067972
0.3800347613614042 0.1932411226335569 -0.9045614676075381
0.1285766804025747 0.9861529310545532 0.1047398387871963
-0.4687286954483916 -0.8817464982022069 -0.0530709239734372
0.5604822062407305 -0.7960922449218709 -0.2282473089935105
0.7542787150601007 0.4245105685607460 0.5008536684377142
-0.9329454835848200 0.1277826301415349 -0.3365773671725388
-0.9039926223984505 0.2777167192353831 -0.3250703962318132
-0.1556900528859897 -0.6525119471508585 -0.7416122748834144
0.4637162035485641 0.3824827919640758 0.7991709431766598
0.3702179440049296 -0.7280925219472614 0.5769054978254580
0.2590890365348210 0.8120766036489276 0.5228809242585550
-0.3360522555815316 0.7724013974733688 -0.5389480148397915
-0.6148674281580084 -0.1128821891531170 0.7805098699967582
0.7375377951006935 -0.6304780955313110 -0.2419408437060980
-0.5433092335263264 -0.3811173257048082 0.7480405475725569
0.6119145264073649 0.1234708962916109 -0.7812269517499999
0.2798220849006851 0.5522699199686830 -0.7853009208574877
0.3864260969743357 0.0112252571989231 0.9222520616284896
-0.9502969297943192 0.3022188721119813 -0.0748297972926055
0.0835830550912109 0.4645504128139196 0.8815933228286366
0.1701088493151258 -0.9798383632557497 -0.1047843560698698
-0.3901637098402427 -0.9191558653405071 0.0540811865054978
-0.1466730852948502 -0.0278178927531643 -0.9887937959417338
0.7303439732542641 0.4115565674375208 -0.5451778356923731
-0.3107809071802209 0.8592267894035713 -0.4063798126180356
-0.5783381423876442 0.3717016041604557 -0.7261975698968930
0.2406477760699714 -0.8913112428258501 -0.3842563158684780
0.1465998715764120 0.7698477698179825 0.6211625302286498
0.4031692118148400 -0.9093621543351965 0.1025429612769739
0.0000586465965795 -0.2144937412452019 0.9767253613617357
0.6141082733155930 -0.1488295552308758 0.7750617989135580
-0.3976486688195137 0.1207510442311923 -0.9095574316683611
-0.7374177279821411 0.0097718322475707 -0.6753662752552736
0.7441987655639758 -0.5208697152909569 0.4181661595894293
0.1078837103270300 -0.9770740684395526 0.1835411938204989
-0.8044128066377400 0.3770118680954642 0.4591101042586216
0.4014598132171017 0.7802817227424579 -0.4795731972553847
-0.2266553123171448 0.9660900571049720 -0.1236825410530104
-0.1399012867212760 0.8227276239883334 0.5509508931839958
-0.5356392379304021 -0.7396474373288872 -0.4074460396692401
0.6791197676939079 -0.3428032863222413 -0.6490625917537106
0.5781650330383761 0.2876000482682291 0.7635518363594221
-0.2091017598575773 0.9384084381004423 0.2750746395550714
0.6864252648308686 -0.6411090182665503 0.3432194378224694
0.0453017829391631 -0.5120844608078868 -0.8577396186848482
-0.3802713676721503 0.1852114250545041 0.9061403947281195
-0.8251924659437484 -0.5642487849642468 0.0260902820231385
-0.4679316885480575 -0.3989656039395079 -0.7885850504072135
-0.3759003402728996 0.2646568661999686 -0.8880628791678719
-0.5065712071249713 -0.8565049631718772 0.0989184521405941
0.9297582715911638 0.3445081266239824 0.1298603368925469
-0.1525037081114307 -0.3125280693808292 -0.9375867025834759
0.9657886326643372 -0.1539815809481469 0.2086671745748696
0.7650891885963013 -0.3703214181019678 -0.5267832389019235
-0.6129048803466249 0.2405415977655423 -0.7526535374205647
0.2367474893467401 -0.7648715610505328 0.5991010944608066
-0.9192393714536675 -0.0348644483835705 0.3921523278120068
0.8365514018721751 -0.4210331446449332 0.3505892798362456
-0.7811128588345791 -0.5975395421231351 0.1811330929525167
-0.3351860099405528 0.0592490538114433 0.9402871308077019
-0.6736679311575231 -0.7153041194985030 -0.1857728052175934
0.6955098797121932 0.7137100737087951 -0.0829694998738488
0.7250035297030901 -0.6580468602948056 0.2033327607008006
-0.5960181099155933 0.4197627926221706 0.6845156028774511
-0.4248956641382646 -0.3534570402460478 0.8333857421968575
0.2469741984585247 -0.0162633910983662 -0.9688855698201676
-0.9531550102896510 0.0832362953988307 0.2908044798279660
0.9902680687415703 0.0000000000000000 0.1391731009600654
-0.2348508045341013 0.6202601729041861 -0.7484132665303005
-0.3161384642661534 0.9485433813363935 -0.0179422722741396
-0.1896449556720599 -0.4524374872632986 -0.8713983652193840
-0.7563195032151127 0.3761815099816619 -0.5352273167583677
0.4014788815374076 0.4693042892728230 -0.7864910627270997
-0.6339893949971009 0.6175617005962785 0.4654836119433663
0.8176842640048676 0.5729245596150161 0.0561239110251397
0.0233220005263200 -0.8907536918348876 0.4538875904604227
0.7038610550078289 0.1698780963482682 0.6897253421648031
0.2887845274914958 -0.9573844778590856 0.0042963049239546
-0.1126328742909524 0.5521962572951986 -0.8260708983241895
-0.7098584782861177 0.6728255204527602 0.2083428900461680
0.0709426166145658 0.8950312222380434 -0.4403251711712071
0.9856634937344804 -0.1540172921043444 0.0688923134462997
0.5637321646525453 -0.4119774797732736 -0.7158775053707286
0.8765314636324009 0.1364189146260812 -0.4616085711884941
0.7960265424032311 0.1377461359725327 0.5893791189159939
0.8129849845996643 0.2836319574268074 -0.5085354732383192
0.8698595758427152 -0.1459643754440896 0.4712098464760138
-0.5151908856902204 0.6358144344925905 0.5747332913557330
0.2235324429501502 -0.9328716861472022 0.2824600221865278
-0.6590552188709620 -0.6759270594863509 -0.3298011957726706
0.5452319094819380 0.5486280680209887 0.6338212743843782
-0.6004919608896545 -0.7244694006662910 0.3384575193508381
0.2609925734655978 -0.9552269877784905 0.1393710099534191
-0.4829090196663533 0.8538361384269562 0.1943263426327609
0.3874980747707598 -0.1438915189298397 0.9105715089047198
0.7191728874689010 -0.1112278201921123 0.6858707822505306
-0.3253509176305202 -0.9137473876646571 -0.2433361706220292
-0.5004032632987608 -0.0980669378099834 0.8602205820535357
-0.4644422761858156 0.4308349055513639 0.7737406905739712
0.7747016160910516 0.6052744392071511 0.1829761166611142
-0.0578673832164640 -0.7348307347909271 -0.6757774464765047
0.9209985675935259 -0.1351451867063979 -0.3653729834029417
-0.8957936992918100 -0.4442317076330728 -0.0145546639431591
-0.1670692671220410 0.9857954356970331 0.0171819365090423
-0.6387185662562797 -0.0490747222217359 -0.7678738599264738
0.5251291095638833 0.6113541586048531 -0.5920181678337206
0.8266911650515256 -0.5369525550329382 -0.1681180277940199
-0.8128806295816382 0.5793794282476743 -0.0595362089350471
0.0152147590584404 0.9813497764661330 -0.1916275745728274
0.8705270117572941 0.3936492608659004 -0.2953353707577985
0.4928261851218073 0.0929984982836510 -0.8651437051584390
-0.7049606504264586 -0.2840416110276922 -0.6498852549143561
0.2648090354604276 0.2870247678944498 -0.9205938069277108
-0.4319559901364866 -0.4903283390667629 0.7569624445725410
-0.0169771586902925 -0.1229679627300832 -0.9922654162192782
-0.6285002997763938 -0.6285849370952865 -0.4581139050911879
-0.1528524322747180 -0.8899219411319907 -0.4297383769685602
-0.5314486861477358 -0.6309533700478053 0.5652080491439969
0.9135454576426009 0.0000000000000000 -0.4067366430758002
0.1356707839207046 0.1727393078276875 0.9755790946517626
-0.5104128858987313 0.1811651209773549 -0.8406294575196548
0.7973975227127958 0.1478819818234139 -0.5850539378753684
0.8247709745322740 -0.5496882450504510 0.1326486819476107
0.4214142432435272 0.6417481562448027 0.6407568490058311
0.0565411721783158 -0.9747142322063636 -0.2161833975657269
0.6599938968743082 -0.7510527161976039 -0.0181072797754486
-0.7353152986838931 -0.6746508393844451 0.0644798917437111
-0.1196186880790818 0.4154410100335517 -0.9017206533314749
0.2858447808543931 0.7138780069691746 0.6392737695416755
0.3161906368884860 -0.6588666417995960 0.6825820313103595
-0.9409999190599088 -0.0312385033770369 -0.3369618794997560
-0.3554935735616536 0.5496348136654983 -0.7559933139672983
-0.7667945229882064 -0.3556662860801058 -0.5343478758835608
0.5404688911874990 -0.8400398642729962 0.0471847866452889
0.8792261360224143 -0.4107073810805161 -0.2414142681389790
0.7022430482309879 -0.3572645626700779 0.6158057595308836
0.6222131313960729 0.7814094643624377 0.0474348829776300
-0.7063661225142326 0.4023872991560052 0.5823498625758778
0.6294193367746268 0.5170241808338154 -0.5801011075039515
-0.2924673133969165 -0.3301029530916877 0.8974936829607977
-0.7110505293681743 0.7009480381346210 -0.0554886701991064
0.0601976317307681 -0.6529344251622117 0.7550184643915002
0.1061387099092481 -0.2231610775760605 -0.9689859171906947
-0.0395866581658796 -0.9736385063768728 0.2246351606393577
-0.3301191822320157 -0.8925913707985210 0.3070862587262451
-0.8090204897036309 -0.4205966766439752 -0.4105901640757367
0.8532127013453290 0.4880991128866130 0.1838133353767022
0.5801981929445156 -0.2848347471086171 -0.7630460167928859
-0.1358643664122210 0.1161659436695604 -0.9838934634759834
-0.8773033600884539 0.3497050696797603 0.3287022643940601
0.0155773001285358 0.0885965231978537 0.9959457835635219
0.0768670918920600 0.9290817225506036 0.3617991196872386
-0.0707391002476918 0.8723604332312429 -0.4837181557774581
0.6913729732432512 -0.6068160439572516 -0.3921449995408045
-0.7462186384535937 0.6380206828338237 -0.1899667126123050
-0.8909979210269073 0.4491805377471097 -0.0660268826687015
-0.5763510968421942 -0.8044365608774203 -0.1438792295382073
-0.7402563668456874 0.1453366411345136 0.6564280402970007
-0.8475697055708865 0.4256304832242707 -0.3169610164495857
-0.9709160793552453 0.2348372598388284 0.0466200411929200
0.0824989006129385 -0.3721143101418103 -0.9245133160670760
-0.0441658424524616 -0.9440106171711664 -0.3269454587979131
0.6197108239604593 0.6647344410594577 0.4172368841984358
-0.1240901469392013 -0.1354955661556808 0.9829763918755928
-0.0911289931593180 0.6310673927349366 0.7703567046716073
0.3260445379928835 -0.4112962773193070 -0.8511934747801387
0.1397138282596685 -0.8580259207333322 -0.4942383691527252
0.4075742586641983 0.5878127033355610 -0.6988271957155566
-0.1436107918912253 0.2863057165591489 0.9473146135882881
0.1463070582269702 0.5222044357301240 -0.8401766314393377
0.3414414879669220 -0.7165815249729397 -0.6082175830756544
-0.9260710991582309 -0.1871483650836560 -0.3276702744381624
0.3620414094186776 0.8362646604151557 0.4118099508351659
-0.3447760182059134 0.6724899745189332 -0.6548944429765763
-0.4259359781836309 -0.6144792431689396 0.6640736421537002
-0.4074805581804334 -0.0233998471306250 -0.9129140385924764
-0.4043762669370330 0.9093650809187983 0.0976472444240840
0.7632711080605551 0.3055886408666885 0.5692387883597378
0.0842363535462012 -0.5459535795546366 0.8335699884908995
0.7933533402912352 0.0000000000000000 0.6087614290087207
0.4955374219921150 0.0819183531242440 0.8647150090213656
0.3088024625422763 0.5990880540404880 0.7387384805422061
-0.2882602486714173 0.8826931114721793 0.3711588608607578
0.5817748455943574 0.8082887966433105 -0.0905938753700854
-0.3592990068238302 -0.7228578201289876 -0.5902379143818003
-0.3433889059248554 -0.4462417092038590 -0.8264093394042381
-0.4033832792029759 -0.3030608077446827 -0.8633864006738781
0.2492909031119546 -0.3471491389817176 0.9040694226274210
0.7502550931118621 -0.6587706762423520 0.0560222400739677
-0.6372378502788172 -0.7634123962110401 0.1054961396608892
-0.1157336068399304 -0.9928324907736619 -0.0298224330326557
-0.8735066372272646 0.1842335695062079 -0.4506042016969186
0.9913966921853964 0.1187263565889487 -0.0551058161627996
-0.5154126894884610 0.1774272177570856 0.8383730326729569
-0.0436334301130230 -0.7187968545408162 0.6938495555081091
-0.5960912470434383 0.8009125146496153 -0.0566954061263172
0.2747937644632744 0.9516697093000258 0.1371610418920285
0.3448456463363629 0.8696666838976457 -0.3532157118834449
0.2136855130852944 -0.3218742943388835 -0.9223532079097033
0.6287717998522171 -0.6110072019224037 0.4809534519156283
-0.1906326695689508 -0.9391302948469351 -0.2858207035778270
0.9015365784389604 -0.4283325968331195 0.0613431677268826
-0.2819709150809896 -0.2175724253368488 -0.9344274411539030
0.1038858215244952 -0.4185012406765268 0.9022552009483727
-0.4032869737918710 -0.2205702073041547 0.8880925629795562
0.2935316165623473 -0.5417427584495639 -0.7876255288814301
-0.1282957053876169 0.2693149555136709 -0.9544682638599166
-0.9327114114823238 -0.1748161479753273 0.3154183528232304
-0.1094822420661167 -0.8231947315123598 -0.5571032872658983
-0.8326389304010076 -0.4802680879260404 -0.2757806652043088
-0.3275396328917196 0.4370707866459367 0.8376675452384792
-0.9958394759017596 -0.0043449541574675 -0.0910212041728636
0.0123527932559604 0.4727763285391881 -0.8810958810888752
-0.9496630034758600 -0.2468609814733917 -0.1928725891753477
-0.2749165394978668 0.9224089668106114 -0.2712611182198770
0.7243783815747434 0.1475627831233149 -0.6734249663801133
-0.9751188577341523 0.0627940684119020 -0.2126031943869224
-0.8607635493194395 0.2459349715845936 0.4456479573774414
-0.8836317419358927 -0.3932413902901026 0.2540790302367497
0.9167716437669317 0.1373821099393684 0.3750412098069832
0.7604067575972597 -0.6433623865632448 -0.0886927424092190
0.6192031809977950 0.2707790137962547 -0.7370659036543066
-0.5753695300441931 0.6077640685104770 -0.5473323861460389
-0.9887255873617348 0.0173977060736692 0.1487246876600078
-0.0332657643829650 0.9399931834296337 -0.3395676722331502
-0.0221654106826785 0.9976576900958359 0.0647134295328970
-0.5595045554507428 -0.8009373052205560 0.2131996377480519
0.9639204693615920 0.1156445642113036 0.2397575098179529
-0.7248057380907557 0.5071582817372895 0.4663122551424044
0.7027592365106913 -0.1079668619830356 -0.7031874659096582
0.9248753426733906 -0.1463366329352232 0.3509860258984110
-0.6994716908416575 0.2861868423728057 -0.6548560490396310
-0.9027249635560223 0.1011918089689618 0.4181481292202169
-0.1999530116313453 0.8326055275810267 -0.5165141126639962
0.6654942195821786 0.7241811453891690 0.1807736495331616
0.1233685736279755 0.0842486460845818 -0.9887782161202348
0.4715875863086766 -0.2063413153262835 -0.8573379788793773
-0.2729342663991989 0.0601411744113944 -0.9601509909204642
-0.4110881319612502 0.8629003233134015 -0.2939550642296147
-0.4057892652961399 -0.7255650930966612 0.5557790638824500
0.6597593078794708 0.4538020211326733 0.5989836235510136
0.5130049433918741 -0.7709403357047342 -0.3774611593779841
0.0799685045726938 -0.7614714941054066 0.6432466105167494
-0.8046885129550061 -0.2062322735335779 -0.5567267251277170
0.5040520563242750 -0.2206071755086094 0.8350233521461442
-0.4555770547785682 -0.6164388145707552 -0.6422248321654089
0.7027689114251305 0.6406739547427531 0.3092777729624583
0.6242405719056856 0.6226613506368222 -0.4718225840397967
0.3656624026999780 -0.4240308469400823 0.8285462256838514
-0.9768699234129485 -0.1414049903979604 0.1604050542275176
0.1335839396862454 -0.8321089683080517 0.5382843077029196
-0.7203332319239257 -0.1296025906915566 0.6814126528558657
0.5531507928099098 -0.8273385772957741 -0.0976477287599288
-0.4627412633621450 0.8854364855704339 -0.0432753186318122
-0.0278583955598023 0.3845849946061705 0.9226691128029623
0.7796476030528401 -0.3916046218769737 0.4886669982498855
0.9344868027496993 0.2551204665048341 -0.2482900784505904
0.0268913298874801 0.7071003068099205 0.7066017354112563
0.4654103734454731 0.8091132909191140 -0.3587880526820624
-0.6399413281466840 -0.2598954997447318 0.7231385937303403
-0.2887495436094966 -0.9431435934667022 0.1646325094506656
-0.2506545780059581 -0.9679983162003153 0.0123102541813460
0.1433248586075204 -0.5939333242655485 -0.7916446116989676
-0.1885094979093089 -0.5356199758667178 0.8231496890909434
-0.9410316393232029 -0.2647779787896507 0.2105993251194141
0.5677295254098423 -0.5556486853609739 0.6074024402606039
-0.7138156816905948 -0.6173889821415820 0.3306025064980192
0.3885685901597652 0.3395202139820032 -0.8565865251326729
0.8786618217237492 -0.4292674468650804 0.2090044547540505
0.1142028986183679 -0.0726268497922058 -0.9907991918832106
0.9331382271901563 0.1363180989619929 -0.3326716472015623
-0.7072795732245358 -0.4973772406596950 -0.5023658883454035
0.2472818990336843 -0.6657504181004883 -0.7040085533637499
0.5307441516862089 -0.5421144043714210 -0.6514772582553485
0.0003056745656981 0.8065694058833947 0.5911393237266217
-0.0020840762935324 -0.9966430796098260 0.0818427057949881
-0.5454477713181871 0.7796442017389634 -0.3076388263188461
-0.2673710171016090 -0.8031408657688847 0.5324260408226267
0.1221789717739533 -0.2860183706805253 0.9504029621636905
-0.9839393458509307 0.1542908731453204 -0.0897646375277991
-0.2825488717303489 0.8223400628864260 0.4938855697991750
0.3585217446736512 -0.1164278746569370 -0.9262325348415644
-0.0911825988313276 -0.0006527347006514 0.9958339759255935
-0.5862551847105298 -0.5636318038590217 -0.5819141243161638
-0.1028495644761294 0.6777693645107012 -0.7280457785179658
0.5303710591649112 0.8171296229075820 -0.2258444574639880
0.5948849303704159 -0.4304262681946477 0.6788557632267805
-0.9277867638647065 -0.3597775918860301 0.0988524414172176
-0.2535826541953227 0.3499273307000319 -0.9018019187828367
-0.8271121833623699 0.1276385845015165 0.5473516491981939
0.4879751563416138 -0.6512547334184304 -0.5811604933178671
0.5133272341178053 -0.8385751497941395 0.1824468932613005
-0.0202770734765729 0.8849367213583342 0.4652696416947787
-0.5662980145521664 0.5103546757314538 -0.6471820946791692
0.5097105914143111 -0.6756490878140327 0.5326287854933668
-0.2386808398904895 -0.0631460124133930 0.9690428462072552
0.7866015197061366 0.5208807206746716 -0.3315740098762735
0.2226866887560717 0.8919125314559945 0.3935767712691085
0.7952584141541943 -0.2577514376150182 0.5487515386077267
-0.2616094919617634 0.7412868598972243 0.6181053834575629
0.2016918192871857 0.5400751431512383 0.8170919469574981
0.9170600743851240 0.0000000000000000 0.3987490689252461
-0.3687700887475813 -0.0753184184883601 0.9264641155929966
-0.2499014760866314 0.1965005832064154 0.9481227626469377
-0.5968201573199813 0.7751556104709094 0.2072184339580448
0.4305289700197747 -0.7826502489352911 0.4495591104796330
0.3842871382365072 -0.2913827259021202 0.8760248298032685
0.9708177026563439 0.2353449459294590 0.0461057982743908
0.6089003233460528 -0.7473858308896723 0.2658097364929032
0.1310330867204013 0.2379267208556375 -0.9624038682836885
-0.3361846483455083 0.9158538296918471 0.2195259548563318
-0.8003054353151007 0.5621042048962683 0.2086865425537575
-0.5781426697191235 0.0326095305053746 0.8152837984225270
0.1794791692765795 0.9514873304269834 0.2499181622706145
0.2846822397001788 0.7578214099892001 -0.5870798352534947
0.4743682731360990 -0.4939633880987003 0.7286802540620462
-0.8825580847807343 -0.1576951249529239 0.4429711893049524
-0.8082780151509680 -0.5105231823581596 0.2933474569491081
